% 26-Apr-2017 08:57:02
% Time, s	 Pressure, mBar	 Temperature, degC
0.005 830.6507 17.9149
0.015 830.7025 17.9198
0.025 830.6332 17.9220
0.035 830.6207 17.9213
0.045 830.6470 17.9209
0.055 830.6641 17.9281
0.065 830.6889 17.9347
0.075 830.6921 17.9353
0.085 830.6503 17.9352
0.095 830.6160 17.9335
0.105 830.6671 17.9372
0.115 830.6313 17.9407
0.125 830.6522 17.9420
0.135 830.6484 17.9428
0.145 830.6758 17.9429
0.155 830.6469 17.9446
0.165 830.5869 17.9470
0.174 830.6368 17.9492
0.184 830.6414 17.9489
0.194 830.6523 17.9523
0.204 830.6676 17.9544
0.214 830.6645 17.9529
0.224 830.6419 17.9550
0.234 830.6562 17.9575
0.244 830.6395 17.9565
0.254 830.6409 17.9554
0.264 830.6544 17.9558
0.274 830.6284 17.9563
0.284 830.6250 17.9590
0.294 830.6492 17.9602
0.304 830.6442 17.9612
0.314 830.6346 17.9644
0.324 830.6389 17.9638
0.334 830.6620 17.9645
0.344 830.6319 17.9648
0.354 830.6517 17.9648
0.364 830.6330 17.9670
0.374 830.6476 17.9662
0.384 830.6319 17.9665
0.394 830.6572 17.9699
0.404 830.6630 17.9709
0.414 830.6814 17.9694
0.424 830.6781 17.9712
0.434 830.6660 17.9715
0.444 830.6273 17.9703
0.454 830.6578 17.9701
0.464 830.6842 17.9707
0.474 830.6269 17.9709
0.484 830.6720 17.9734
0.494 830.6566 17.9772
0.504 830.6735 17.9767
0.514 830.6621 17.9747
0.524 830.6207 17.9757
0.534 830.6642 17.9783
0.544 830.6649 17.9761
0.554 830.6465 17.9742
0.564 830.6353 17.9766
0.574 830.6474 17.9763
0.584 830.6368 17.9747
0.594 830.6627 17.9767
0.604 830.6556 17.9776
0.614 830.6506 17.9753
0.624 830.6553 17.9758
0.634 830.6222 17.9772
0.644 830.6387 17.9782
0.654 830.6588 17.9783
0.664 830.6225 17.9774
0.674 830.6749 17.9791
0.684 830.6622 17.9799
0.694 830.6515 17.9791
0.704 830.6434 17.9804
0.714 830.6540 17.9803
0.724 830.6719 17.9793
0.734 830.6321 17.9776
0.744 830.6279 17.9757
0.754 830.6449 17.9786
0.764 830.6719 17.9828
0.774 830.6840 17.9825
0.784 830.6590 17.9809
0.794 830.6555 17.9801
0.804 830.6597 17.9804
0.814 830.6550 17.9816
0.824 830.6708 17.9822
0.834 830.6181 17.9804
0.844 830.6046 17.9800
0.854 830.6525 17.9821
0.864 830.6654 17.9839
0.874 830.6703 17.9854
0.884 830.6529 17.9832
0.894 830.6740 17.9829
0.904 830.6401 17.9839
0.914 830.6766 17.9833
0.924 830.6309 17.9830
0.934 830.6398 17.9838
0.944 830.6283 17.9860
0.954 830.6599 17.9864
0.964 830.6396 17.9854
0.974 830.6586 17.9850
0.984 830.6319 17.9843
0.994 830.6568 17.9833
1.004 830.6373 17.9843
1.014 830.6614 17.9846
1.024 830.6311 17.9839
1.034 830.6073 17.9838
1.044 830.6348 17.9832
1.054 830.6554 17.9860
1.064 830.6941 17.9872
1.074 830.6373 17.9843
1.084 830.6450 17.9837
1.094 830.6254 17.9855
1.104 830.6451 17.9863
1.114 830.6372 17.9868
1.124 830.6337 17.9860
1.134 830.6400 17.9847
1.144 830.6314 17.9858
1.154 830.6553 17.9851
1.164 830.6515 17.9842
1.174 830.6473 17.9839
1.184 830.6137 17.9851
1.194 830.6829 17.9854
1.204 830.6282 17.9851
1.214 830.6462 17.9868
1.224 830.6557 17.9879
1.234 830.6604 17.9884
1.244 830.6365 17.9891
1.254 830.6506 17.9897
1.264 830.6549 17.9892
1.274 830.6614 17.9880
1.284 830.6599 17.9881
1.294 830.6607 17.9885
1.304 830.6392 17.9878
1.314 830.6475 17.9866
1.324 830.6425 17.9859
1.334 830.6364 17.9881
1.344 830.6210 17.9885
1.354 830.6747 17.9875
1.364 830.7014 17.9881
1.374 830.6493 17.9883
1.384 830.6354 17.9868
1.394 830.6467 17.9862
1.404 830.6372 17.9868
1.414 830.6621 17.9875
1.424 830.6777 17.9897
1.434 830.6827 17.9904
1.444 830.6624 17.9876
1.454 830.6318 17.9885
1.464 830.6536 17.9895
1.474 830.6677 17.9901
1.484 830.6616 17.9906
1.494 830.6674 17.9883
1.504 830.6550 17.9884
1.514 830.6331 17.9883
1.524 830.6399 17.9889
1.534 830.6388 17.9901
1.544 830.6546 17.9908
1.554 830.6467 17.9896
1.564 830.6706 17.9889
1.574 830.6555 17.9912
1.584 830.6735 17.9912
1.594 830.6365 17.9891
1.604 830.6762 17.9899
1.614 830.6414 17.9905
1.624 830.6718 17.9887
1.634 830.6600 17.9891
1.644 830.6270 17.9905
1.654 830.6414 17.9888
1.664 830.6492 17.9891
1.674 830.6867 17.9914
1.684 830.6320 17.9912
1.694 830.6675 17.9892
1.704 830.6652 17.9889
1.714 830.7017 17.9917
1.724 830.6399 17.9924
1.734 830.6586 17.9901
1.744 830.6468 17.9905
1.754 830.6334 17.9918
1.764 830.6234 17.9905
1.774 830.6363 17.9906
1.784 830.6642 17.9910
1.794 830.6329 17.9908
1.804 830.6272 17.9906
1.814 830.6288 17.9888
1.824 830.6620 17.9917
1.834 830.6826 17.9946
1.844 830.6699 17.9929
1.854 830.6485 17.9930
1.864 830.6654 17.9933
1.874 830.6529 17.9942
1.884 830.6566 17.9951
1.894 830.6483 17.9929
1.904 830.6325 17.9897
1.914 830.6428 17.9895
1.924 830.6471 17.9906
1.934 830.6503 17.9930
1.944 830.6312 17.9942
1.954 830.6404 17.9951
1.964 830.6349 17.9951
1.974 830.6665 17.9938
1.984 830.6171 17.9935
1.994 830.6724 17.9924
2.004 830.6464 17.9929
2.014 830.6507 17.9924
2.024 830.6220 17.9916
2.034 830.6670 17.9924
2.044 830.6466 17.9921
2.054 830.6446 17.9929
2.064 830.6580 17.9924
2.074 830.6574 17.9921
2.084 830.6783 17.9951
2.094 830.6645 17.9963
2.104 830.6470 17.9931
2.114 830.6453 17.9924
2.124 830.6370 17.9935
2.134 830.6537 17.9929
2.144 830.6594 17.9930
2.154 830.6572 17.9937
2.164 830.6627 17.9929
2.174 830.6371 17.9927
2.184 830.6492 17.9942
2.194 830.6496 17.9935
2.204 830.6592 17.9904
2.214 830.6128 17.9906
2.224 830.6647 17.9955
2.234 830.6669 17.9966
2.244 830.6787 17.9962
2.254 830.6447 17.9963
2.264 830.6605 17.9970
2.274 830.6501 17.9980
2.284 830.6538 17.9955
2.294 830.6334 17.9935
2.304 830.6701 17.9938
2.314 830.6644 17.9937
2.324 830.6399 17.9941
2.334 830.6786 17.9952
2.344 830.6510 17.9942
2.354 830.6410 17.9929
2.364 830.6900 17.9955
2.374 830.6726 17.9967
2.384 830.6337 17.9954
2.394 830.6481 17.9937
2.404 830.6768 17.9952
2.414 830.6606 17.9945
2.424 830.6131 17.9942
2.434 830.6647 17.9972
2.444 830.6604 17.9960
2.454 830.6765 17.9968
2.464 830.6472 17.9975
2.474 830.6597 17.9966
2.484 830.6681 17.9946
2.494 830.6392 17.9946
2.504 830.6701 17.9972
2.514 830.6743 17.9975
2.524 830.6850 17.9966
2.534 830.6488 17.9931
2.544 830.6115 17.9909
2.554 830.6485 17.9947
2.564 830.6637 17.9976
2.574 830.6764 17.9976
2.584 830.6726 17.9967
2.594 830.6744 17.9967
2.604 830.6822 17.9970
2.614 830.6639 17.9968
2.624 830.6668 17.9956
2.634 830.6634 17.9941
2.644 830.6498 17.9945
2.654 830.6869 17.9958
2.664 830.6734 17.9971
2.674 830.6304 17.9972
2.684 830.6334 17.9970
2.694 830.6540 17.9964
2.704 830.6580 17.9958
2.714 830.6714 17.9970
2.724 830.6451 17.9973
2.734 830.6437 18.0001
2.744 830.6372 17.9996
2.754 830.6737 17.9972
2.764 830.6647 17.9972
2.774 830.6458 17.9968
2.784 830.6657 17.9968
2.794 830.6586 17.9943
2.804 830.6772 17.9980
2.814 830.6877 18.0004
2.824 830.6502 17.9972
2.834 830.6583 17.9976
2.844 830.6497 17.9987
2.854 830.6616 17.9975
2.864 830.6395 17.9981
2.874 830.6540 17.9981
2.884 830.6565 17.9959
2.894 830.6725 17.9975
2.904 830.6640 17.9977
2.914 830.6362 17.9966
2.924 830.6395 17.9981
2.934 830.6279 17.9977
2.944 830.6290 17.9966
2.954 830.6575 17.9972
2.964 830.6352 17.9970
2.974 830.6244 17.9952
2.984 830.6568 17.9977
2.994 830.6661 17.9996
3.004 830.6690 17.9984
3.014 830.6526 17.9975
3.024 830.6868 17.9966
3.034 830.6583 17.9959
3.044 830.6449 17.9947
3.054 830.6643 17.9962
3.064 830.6600 17.9984
3.074 830.6333 17.9960
3.084 830.6927 17.9951
3.094 830.6683 17.9972
3.104 830.6124 17.9981
3.114 830.6760 17.9983
3.124 830.6754 17.9997
3.134 830.6593 17.9972
3.144 830.6379 17.9956
3.154 830.6416 17.9983
3.164 830.6459 17.9977
3.174 830.6351 17.9994
3.184 830.6638 18.0010
3.194 830.6389 18.0004
3.204 830.6300 17.9979
3.214 830.6512 17.9968
3.224 830.6551 17.9987
3.234 830.6550 17.9977
3.244 830.6632 17.9973
3.254 830.6811 17.9981
3.264 830.6598 17.9992
3.274 830.6322 18.0006
3.284 830.6390 17.9996
3.294 830.6583 17.9976
3.304 830.6330 17.9976
3.314 830.6393 17.9980
3.324 830.6459 17.9977
3.334 830.6383 17.9984
3.344 830.6599 18.0009
3.354 830.6549 18.0019
3.364 830.6576 17.9998
3.374 830.6546 17.9984
3.384 830.6345 17.9975
3.394 830.6306 17.9973
3.404 830.6666 17.9981
3.414 830.6530 17.9985
3.424 830.6525 18.0000
3.434 830.6818 17.9993
3.444 830.6483 17.9980
3.454 830.6428 17.9988
3.464 830.6562 17.9975
3.474 830.6235 17.9966
3.484 830.6134 17.9977
3.494 830.6611 17.9989
3.504 830.6546 18.0001
3.514 830.6549 18.0002
3.524 830.6358 17.9972
3.534 830.6173 17.9962
3.544 830.6512 17.9968
3.554 830.6615 17.9983
3.564 830.6319 17.9988
3.574 830.6297 17.9977
3.584 830.6435 18.0000
3.594 830.6624 18.0004
3.604 830.6508 17.9992
3.614 830.6233 17.9998
3.624 830.6436 17.9992
3.634 830.6763 18.0018
3.644 830.6511 18.0044
3.654 830.6586 18.0012
3.664 830.6232 17.9989
3.674 830.6532 17.9994
3.684 830.6551 18.0004
3.694 830.6318 17.9996
3.704 830.6468 17.9998
3.714 830.6397 18.0025
3.724 830.6390 18.0013
3.734 830.6403 17.9993
3.744 830.6294 18.0010
3.754 830.6381 18.0017
3.764 830.6463 18.0013
3.774 830.6706 18.0017
3.784 830.6393 18.0014
3.794 830.6640 17.9994
3.804 830.6322 18.0006
3.814 830.6588 18.0021
3.824 830.6437 18.0001
3.834 830.6728 18.0010
3.844 830.6667 18.0016
3.854 830.6433 18.0008
3.864 830.6432 18.0016
3.874 830.6745 18.0018
3.884 830.6458 18.0019
3.894 830.6697 18.0013
3.904 830.6640 18.0012
3.914 830.6447 18.0014
3.924 830.6681 18.0005
3.934 830.6482 18.0022
3.944 830.6582 18.0018
3.954 830.6778 18.0000
3.964 830.6779 18.0009
3.974 830.6367 18.0027
3.984 830.6175 18.0022
3.994 830.6222 18.0010
4.004 830.6593 18.0006
4.014 830.6439 18.0010
4.024 830.6575 18.0040
4.034 830.6488 18.0025
4.044 830.6294 18.0010
4.054 830.6661 18.0030
4.064 830.6763 18.0018
4.074 830.6450 18.0016
4.084 830.6543 18.0034
4.094 830.6650 18.0042
4.104 830.6324 18.0033
4.114 830.6467 18.0023
4.124 830.6453 18.0034
4.134 830.6442 18.0046
4.144 830.6534 18.0038
4.154 830.6263 18.0038
4.164 830.6781 18.0035
4.174 830.6693 18.0037
4.184 830.6777 18.0042
4.194 830.7014 18.0026
4.204 830.6481 18.0030
4.214 830.6660 18.0055
4.224 830.6477 18.0054
4.234 830.6390 18.0030
4.244 830.6627 18.0039
4.254 830.6418 18.0026
4.264 830.6329 18.0018
4.274 830.6396 18.0033
4.284 830.6371 18.0021
4.294 830.6422 18.0037
4.304 830.6471 18.0051
4.314 830.6589 18.0030
4.324 830.6855 18.0027
4.334 830.6563 18.0043
4.344 830.6536 18.0039
4.354 830.6630 18.0058
4.364 830.6958 18.0059
4.374 830.6542 18.0025
4.384 830.6539 18.0023
4.394 830.6427 18.0030
4.404 830.6556 18.0031
4.414 830.6491 18.0043
4.424 830.6486 18.0050
4.434 830.6576 18.0058
4.444 830.6477 18.0054
4.454 830.6560 18.0042
4.464 830.6506 18.0042
4.474 830.6457 18.0044
4.484 830.6600 18.0035
4.494 830.6604 18.0029
4.504 830.6653 18.0026
4.514 830.6275 18.0035
4.524 830.6460 18.0063
4.534 830.6338 18.0056
4.544 830.6657 18.0037
4.554 830.6582 18.0035
4.564 830.6532 18.0046
4.574 830.6628 18.0048
4.584 830.6635 18.0043
4.594 830.6031 18.0039
4.604 830.6942 18.0043
4.614 830.6852 18.0060
4.624 830.6514 18.0063
4.634 830.6628 18.0065
4.644 830.6600 18.0052
4.654 830.6499 18.0030
4.664 830.6186 18.0027
4.674 830.6638 18.0044
4.684 830.6528 18.0052
4.694 830.6817 18.0052
4.704 830.6179 18.0050
4.714 830.6593 18.0040
4.724 830.6410 18.0056
4.734 830.6585 18.0054
4.744 830.6591 18.0056
4.754 830.6708 18.0060
4.764 830.6534 18.0055
4.774 830.6520 18.0048
4.784 830.6705 18.0042
4.794 830.6702 18.0075
4.804 830.6759 18.0076
4.814 830.6627 18.0056
4.824 830.6505 18.0050
4.834 830.6484 18.0048
4.844 830.6567 18.0054
4.854 830.6417 18.0034
4.864 830.6381 18.0034
4.874 830.6311 18.0052
4.884 830.6723 18.0076
4.894 830.6510 18.0086
4.904 830.6360 18.0067
4.914 830.6705 18.0059
4.924 830.6345 18.0051
4.934 830.6831 18.0059
4.944 830.6537 18.0073
4.954 830.6498 18.0089
4.964 830.6520 18.0083
4.974 830.6600 18.0052
4.984 830.6316 18.0063
4.994 830.6769 18.0055
5.004 830.6331 18.0044
5.014 830.6523 18.0067
5.024 830.6508 18.0068
5.034 830.6421 18.0079
5.044 830.6819 18.0096
5.054 830.6299 18.0072
5.064 830.6762 18.0043
5.074 830.6462 18.0055
5.084 830.6545 18.0060
5.094 830.6040 18.0052
5.104 830.6274 18.0077
5.114 830.6576 18.0092
5.124 830.6815 18.0085
5.134 830.6627 18.0090
5.144 830.6470 18.0076
5.154 830.6512 18.0062
5.164 830.6481 18.0064
5.174 830.6555 18.0073
5.184 830.6474 18.0069
5.194 830.6562 18.0068
5.204 830.6820 18.0088
5.214 830.6160 18.0092
5.224 830.6567 18.0088
5.234 830.6487 18.0067
5.244 830.6502 18.0065
5.254 830.6815 18.0085
5.264 830.6563 18.0094
5.274 830.6530 18.0079
5.284 830.6145 18.0076
5.294 830.6574 18.0083
5.304 830.6655 18.0069
5.314 830.6378 18.0067
5.324 830.6880 18.0090
5.334 830.6794 18.0101
5.344 830.6693 18.0096
5.354 830.6291 18.0102
5.364 830.6408 18.0106
5.374 830.6402 18.0104
5.384 830.6560 18.0076
5.394 830.6437 18.0060
5.404 830.6276 18.0086
5.414 830.6422 18.0096
5.424 830.6575 18.0100
5.434 830.6630 18.0109
5.444 830.6268 18.0117
5.454 830.6612 18.0109
5.464 830.6727 18.0104
5.474 830.6555 18.0108
5.484 830.6405 18.0105
5.494 830.6312 18.0121
5.504 830.6475 18.0104
5.514 830.6002 18.0085
5.524 830.6492 18.0086
5.534 830.6523 18.0084
5.544 830.7131 18.0106
5.554 830.6793 18.0126
5.564 830.6338 18.0108
5.574 830.6575 18.0117
5.584 830.6651 18.0127
5.594 830.6550 18.0122
5.604 830.6696 18.0114
5.614 830.6388 18.0097
5.624 830.6584 18.0113
5.634 830.6445 18.0115
5.644 830.6513 18.0105
5.654 830.6280 18.0114
5.664 830.6331 18.0096
5.674 830.6665 18.0065
5.684 830.6426 18.0089
5.694 830.6416 18.0127
5.704 830.6982 18.0113
5.714 830.6690 18.0094
5.724 830.6713 18.0080
5.734 830.6456 18.0086
5.744 830.6587 18.0114
5.754 830.6502 18.0117
5.764 830.6554 18.0115
5.774 830.6451 18.0118
5.784 830.6437 18.0111
5.794 830.6723 18.0110
5.804 830.6487 18.0118
5.814 830.6445 18.0098
5.824 830.6307 18.0076
5.834 830.6531 18.0088
5.844 830.6290 18.0110
5.854 830.6390 18.0106
5.864 830.6556 18.0100
5.874 830.6615 18.0110
5.884 830.6615 18.0110
5.894 830.6722 18.0118
5.904 830.6422 18.0130
5.914 830.6405 18.0122
5.924 830.6434 18.0110
5.934 830.6144 18.0118
5.944 830.6372 18.0123
5.954 830.6518 18.0115
5.964 830.6640 18.0122
5.974 830.6637 18.0121
5.984 830.6459 18.0122
5.994 830.6572 18.0115
6.004 830.6222 18.0121
6.014 830.7067 18.0127
6.024 830.6753 18.0132
6.034 830.6500 18.0132
6.044 830.6488 18.0110
6.054 830.6383 18.0129
6.064 830.6586 18.0156
6.074 830.6500 18.0132
6.084 830.6390 18.0106
6.094 830.6291 18.0102
6.104 830.6520 18.0117
6.114 830.6405 18.0139
6.124 830.6761 18.0154
6.134 830.6683 18.0151
6.144 830.6860 18.0140
6.154 830.6578 18.0135
6.164 830.6764 18.0138
6.174 830.6511 18.0138
6.184 830.6657 18.0130
6.194 830.6835 18.0146
6.204 830.6697 18.0140
6.214 830.6714 18.0131
6.224 830.6476 18.0147
6.234 830.6599 18.0136
6.244 830.6605 18.0114
6.254 830.6707 18.0119
6.264 830.6675 18.0130
6.274 830.6468 18.0126
6.284 830.6594 18.0126
6.294 830.6387 18.0139
6.304 830.6539 18.0151
6.314 830.6464 18.0150
6.324 830.6706 18.0144
6.334 830.6437 18.0129
6.344 830.6085 18.0108
6.354 830.6304 18.0117
6.364 830.6404 18.0130
6.374 830.6251 18.0126
6.384 830.6240 18.0138
6.394 830.6578 18.0152
6.404 830.6548 18.0130
6.414 830.6262 18.0131
6.424 830.6554 18.0150
6.434 830.6441 18.0139
6.444 830.6878 18.0140
6.454 830.6407 18.0131
6.464 830.6426 18.0123
6.474 830.6362 18.0144
6.484 830.6444 18.0140
6.494 830.6476 18.0130
6.504 830.6417 18.0144
6.514 830.6522 18.0143
6.524 830.6751 18.0140
6.534 830.6671 18.0154
6.544 830.6596 18.0152
6.554 830.6796 18.0144
6.564 830.6610 18.0142
6.574 830.6622 18.0139
6.584 830.6197 18.0143
6.594 830.6531 18.0147
6.604 830.6512 18.0147
6.614 830.6831 18.0169
6.624 830.6787 18.0182
6.634 830.6875 18.0173
6.644 830.6566 18.0172
6.654 830.6629 18.0168
6.664 830.6649 18.0160
6.674 830.6426 18.0140
6.684 830.6686 18.0152
6.694 830.6207 18.0156
6.704 830.6658 18.0156
6.714 830.6534 18.0182
6.724 830.6734 18.0157
6.734 830.6322 18.0134
6.744 830.6337 18.0150
6.754 830.6827 18.0159
6.764 830.6372 18.0157
6.774 830.6735 18.0150
6.784 830.6499 18.0157
6.794 830.7020 18.0173
6.804 830.6382 18.0171
6.814 830.6820 18.0164
6.824 830.6532 18.0139
6.834 830.6389 18.0131
6.844 830.6362 18.0144
6.854 830.6663 18.0167
6.864 830.6782 18.0189
6.874 830.6734 18.0192
6.884 830.6452 18.0186
6.894 830.6638 18.0172
6.904 830.6400 18.0171
6.914 830.6563 18.0171
6.924 830.6483 18.0159
6.934 830.6568 18.0156
6.944 830.6639 18.0164
6.954 830.6397 18.0169
6.964 830.6392 18.0167
6.974 830.6798 18.0171
6.984 830.6425 18.0165
6.994 830.6808 18.0142
7.004 830.6428 18.0150
7.014 830.6482 18.0167
7.024 830.6803 18.0173
7.034 830.6435 18.0178
7.044 830.6463 18.0175
7.054 830.6452 18.0169
7.064 830.6297 18.0156
7.074 830.6191 18.0157
7.084 830.6699 18.0167
7.094 830.6567 18.0181
7.104 830.6593 18.0185
7.114 830.6489 18.0178
7.124 830.6403 18.0189
7.134 830.6812 18.0194
7.144 830.6550 18.0173
7.154 830.6635 18.0188
7.164 830.6582 18.0197
7.174 830.6613 18.0177
7.184 830.6353 18.0182
7.194 830.6648 18.0185
7.204 830.6207 18.0173
7.214 830.6244 18.0165
7.224 830.6350 18.0181
7.234 830.6625 18.0192
7.244 830.6257 18.0180
7.254 830.6190 18.0165
7.264 830.6502 18.0176
7.274 830.6588 18.0182
7.284 830.6590 18.0167
7.294 830.6199 18.0186
7.304 830.6720 18.0202
7.314 830.6582 18.0180
7.324 830.6536 18.0167
7.334 830.6306 18.0177
7.344 830.6259 18.0189
7.354 830.6912 18.0190
7.364 830.6528 18.0180
7.374 830.6147 18.0171
7.384 830.6642 18.0182
7.394 830.6367 18.0189
7.404 830.6423 18.0198
7.414 830.6924 18.0205
7.424 830.6526 18.0213
7.434 830.6571 18.0209
7.444 830.7067 18.0196
7.454 830.6617 18.0188
7.464 830.6563 18.0188
7.474 830.6482 18.0184
7.484 830.6291 18.0196
7.494 830.6509 18.0205
7.504 830.6730 18.0215
7.514 830.6487 18.0211
7.524 830.6534 18.0200
7.534 830.6809 18.0210
7.544 830.6605 18.0207
7.554 830.6627 18.0201
7.564 830.6370 18.0190
7.574 830.6724 18.0178
7.584 830.6517 18.0192
7.594 830.6715 18.0217
7.604 830.6228 18.0209
7.614 830.6953 18.0193
7.624 830.6574 18.0193
7.634 830.6747 18.0206
7.644 830.6662 18.0226
7.654 830.6613 18.0228
7.664 830.6874 18.0198
7.674 830.6576 18.0202
7.684 830.6780 18.0222
7.694 830.6804 18.0224
7.704 830.6535 18.0209
7.714 830.6676 18.0198
7.724 830.6805 18.0200
7.734 830.6503 18.0202
7.744 830.6139 18.0201
7.754 830.6455 18.0205
7.764 830.6188 18.0215
7.774 830.6312 18.0214
7.784 830.6427 18.0209
7.794 830.5986 18.0214
7.804 830.6489 18.0213
7.814 830.6610 18.0193
7.824 830.6537 18.0201
7.834 830.6716 18.0226
7.844 830.6385 18.0223
7.854 830.6508 18.0213
7.864 830.6470 18.0203
7.874 830.6741 18.0203
7.884 830.6857 18.0249
7.894 830.7053 18.0248
7.904 830.6471 18.0213
7.914 830.6374 18.0201
7.924 830.6645 18.0201
7.934 830.6576 18.0219
7.944 830.6743 18.0230
7.954 830.6869 18.0247
7.964 830.6555 18.0235
7.974 830.6345 18.0213
7.984 830.6267 18.0210
7.994 830.6466 18.0210
8.004 830.6655 18.0214
8.014 830.6583 18.0231
8.024 830.6700 18.0252
8.034 830.6281 18.0234
8.044 830.6505 18.0211
8.054 830.6943 18.0222
8.064 830.6854 18.0248
8.074 830.6508 18.0247
8.084 830.6740 18.0211
8.094 830.6503 18.0219
8.104 830.6198 18.0211
8.114 830.6820 18.0198
8.124 830.6746 18.0248
8.134 830.6394 18.0244
8.144 830.6353 18.0217
8.154 830.6501 18.0235
8.164 830.6889 18.0239
8.174 830.6477 18.0232
8.184 830.6394 18.0210
8.194 830.6153 18.0190
8.204 830.6653 18.0205
8.214 830.6584 18.0206
8.224 830.6309 18.0213
8.234 830.6577 18.0211
8.244 830.6719 18.0193
8.254 830.6500 18.0201
8.264 830.6597 18.0221
8.274 830.6936 18.0227
8.284 830.6599 18.0222
8.294 830.6584 18.0206
8.304 830.6607 18.0192
8.314 830.6662 18.0209
8.324 830.6373 18.0226
8.334 830.6755 18.0244
8.344 830.6779 18.0264
8.354 830.6445 18.0243
8.364 830.6585 18.0215
8.374 830.6685 18.0211
8.384 830.6844 18.0235
8.394 830.6704 18.0245
8.404 830.6513 18.0215
8.414 830.6599 18.0222
8.424 830.6486 18.0253
8.434 830.6412 18.0261
8.444 830.6907 18.0256
8.454 830.6491 18.0239
8.464 830.6409 18.0226
8.474 830.6538 18.0227
8.484 830.6292 18.0239
8.494 830.6604 18.0232
8.504 830.6431 18.0236
8.514 830.6626 18.0243
8.524 830.6511 18.0248
8.534 830.6707 18.0264
8.544 830.6286 18.0261
8.554 830.6727 18.0231
8.564 830.6452 18.0221
8.574 830.6744 18.0239
8.584 830.6295 18.0240
8.594 830.6440 18.0240
8.604 830.6726 18.0239
8.614 830.6083 18.0251
8.624 830.6917 18.0269
8.634 830.6724 18.0272
8.644 830.6466 18.0278
8.654 830.6520 18.0261
8.664 830.6633 18.0238
8.674 830.6569 18.0242
8.684 830.7074 18.0267
8.694 830.6854 18.0265
8.704 830.6800 18.0265
8.714 830.7006 18.0277
8.724 830.6466 18.0261
8.734 830.6516 18.0268
8.744 830.6654 18.0273
8.754 830.6607 18.0268
8.764 830.6617 18.0281
8.774 830.6884 18.0288
8.784 830.6627 18.0252
8.794 830.6198 18.0228
8.804 830.6579 18.0272
8.814 830.6721 18.0288
8.824 830.6522 18.0270
8.834 830.6540 18.0270
8.844 830.6632 18.0263
8.854 830.6828 18.0261
8.864 830.6486 18.0270
8.874 830.6714 18.0259
8.884 830.6286 18.0261
8.894 830.6854 18.0265
8.904 830.6543 18.0255
8.914 830.6199 18.0255
8.924 830.6431 18.0253
8.934 830.6416 18.0255
8.944 830.6580 18.0247
8.954 830.6773 18.0261
8.964 830.6472 18.0281
8.974 830.6390 18.0268
8.984 830.6608 18.0260
8.994 830.6714 18.0259
9.004 830.6618 18.0273
9.014 830.6569 18.0276
9.024 830.6334 18.0259
9.034 830.6755 18.0261
9.044 830.6489 18.0272
9.054 830.6551 18.0276
9.064 830.6587 18.0276
9.074 830.6825 18.0277
9.084 830.6484 18.0261
9.094 830.6771 18.0243
9.104 830.6584 18.0257
9.114 830.6582 18.0256
9.124 830.6650 18.0263
9.134 830.6523 18.0280
9.144 830.6226 18.0276
9.154 830.6500 18.0260
9.164 830.6543 18.0255
9.174 830.6371 18.0276
9.184 830.6419 18.0273
9.194 830.6409 18.0260
9.204 830.6527 18.0256
9.214 830.6292 18.0256
9.224 830.6569 18.0259
9.234 830.6434 18.0272
9.244 830.6469 18.0280
9.254 830.6576 18.0288
9.264 830.6514 18.0284
9.274 830.6657 18.0274
9.284 830.6782 18.0282
9.294 830.6506 18.0297
9.304 830.6645 18.0311
9.314 830.6832 18.0306
9.324 830.9132 18.0274
9.334 830.8388 18.0256
9.344 830.7744 18.0259
9.354 830.7400 18.0259
9.364 830.6483 18.0286
9.374 830.4449 18.0315
9.384 830.3709 18.0290
9.394 830.1140 18.0272
9.404 829.5900 18.0289
9.414 829.1403 18.0298
9.424 828.7957 18.0301
9.434 828.4693 18.0295
9.444 828.4143 18.0291
9.454 828.3390 18.0311
9.464 828.1433 18.0309
9.474 828.1096 18.0286
9.484 828.0839 18.0276
9.494 828.0789 18.0303
9.504 828.2158 18.0344
9.514 828.3109 18.0349
9.524 828.1484 18.0324
9.534 828.2709 18.0297
9.544 828.1052 18.0299
9.554 828.1328 18.0319
9.564 828.2140 18.0327
9.574 828.2378 18.0311
9.584 828.2433 18.0303
9.594 828.3930 18.0302
9.604 828.5095 18.0306
9.614 828.4182 18.0293
9.624 828.3825 18.0286
9.634 828.2977 18.0295
9.644 828.5441 18.0290
9.654 828.5569 18.0299
9.664 828.5165 18.0322
9.674 828.6175 18.0347
9.684 828.6667 18.0357
9.694 828.6677 18.0336
9.704 828.7111 18.0336
9.714 828.8046 18.0343
9.724 828.8695 18.0316
9.734 828.8164 18.0305
9.744 829.0034 18.0309
9.754 828.9041 18.0301
9.764 828.9092 18.0299
9.774 828.9379 18.0298
9.784 828.8695 18.0316
9.794 828.9732 18.0328
9.804 828.8851 18.0339
9.814 828.8901 18.0345
9.824 828.8498 18.0326
9.834 828.9447 18.0322
9.844 828.7979 18.0328
9.854 828.7398 18.0344
9.864 828.7724 18.0361
9.874 828.7034 18.0343
9.884 828.7836 18.0320
9.894 828.7432 18.0326
9.904 828.6895 18.0345
9.914 828.7112 18.0345
9.924 828.6473 18.0334
9.934 828.6602 18.0352
9.944 828.6762 18.0351
9.954 828.5646 18.0344
9.964 828.6401 18.0368
9.974 828.5376 18.0370
9.984 828.5444 18.0360
9.994 828.5080 18.0376
10.004 828.4405 18.0364
10.014 828.4293 18.0345
10.024 828.4883 18.0368
10.034 828.5002 18.0373
10.044 828.4849 18.0369
10.054 828.5443 18.0368
10.064 828.5874 18.0349
10.074 828.6110 18.0359
10.084 828.6761 18.0376
10.094 828.7290 18.0378
10.104 828.7005 18.0372
10.114 828.7116 18.0373
10.124 828.7795 18.0369
10.134 828.7875 18.0373
10.144 828.7846 18.0385
10.154 828.8102 18.0369
10.164 828.7460 18.0373
10.174 828.7721 18.0394
10.184 828.7761 18.0387
10.194 828.8035 18.0372
10.204 828.8345 18.0373
10.214 828.8844 18.0378
10.224 828.7788 18.0374
10.234 828.7658 18.0373
10.244 828.8309 18.0373
10.254 828.7603 18.0381
10.264 828.7667 18.0394
10.274 828.8010 18.0394
10.284 828.7556 18.0376
10.294 828.7285 18.0359
10.304 828.7486 18.0377
10.314 828.7507 18.0395
10.324 828.7532 18.0390
10.334 828.7607 18.0374
10.344 828.7437 18.0362
10.354 828.7178 18.0368
10.364 828.7301 18.0366
10.374 828.6866 18.0357
10.384 828.7610 18.0376
10.394 828.7732 18.0382
10.404 828.7597 18.0378
10.414 828.7407 18.0399
10.424 828.7906 18.0405
10.434 828.7376 18.0402
10.444 828.7663 18.0401
10.454 828.7475 18.0406
10.464 828.7118 18.0416
10.474 828.7021 18.0405
10.484 828.7103 18.0401
10.494 828.7151 18.0398
10.504 828.6750 18.0387
10.514 828.6763 18.0377
10.524 828.6843 18.0389
10.534 828.6959 18.0393
10.544 828.6491 18.0385
10.554 828.6082 18.0397
10.564 828.6177 18.0407
10.574 828.6046 18.0397
10.584 828.6598 18.0376
10.594 828.6195 18.0356
10.604 828.6605 18.0353
10.614 828.6569 18.0370
10.624 828.6553 18.0372
10.634 828.6299 18.0380
10.644 828.6626 18.0389
10.654 828.6854 18.0394
10.664 828.7047 18.0391
10.674 828.6847 18.0382
10.684 828.6623 18.0370
10.694 828.6389 18.0380
10.704 828.6298 18.0387
10.714 828.6331 18.0369
10.724 828.6146 18.0393
10.734 828.6488 18.0435
10.744 828.6530 18.0403
10.754 828.6592 18.0373
10.764 828.6683 18.0390
10.774 828.6712 18.0395
10.784 828.6733 18.0397
10.794 828.7039 18.0387
10.804 828.6637 18.0377
10.814 828.6695 18.0387
10.824 828.6969 18.0389
10.834 828.6472 18.0393
10.844 828.6670 18.0393
10.854 828.6741 18.0383
10.864 828.6819 18.0386
10.874 828.6822 18.0405
10.884 828.6929 18.0395
10.894 828.6371 18.0380
10.904 828.6709 18.0394
10.914 828.6736 18.0398
10.924 828.6964 18.0403
10.934 828.6827 18.0390
10.944 828.7005 18.0406
10.954 828.7075 18.0439
10.964 828.6869 18.0427
10.974 828.6629 18.0407
10.984 828.6738 18.0399
10.994 828.6871 18.0402
11.004 828.7062 18.0424
11.014 828.6804 18.0439
11.024 828.6968 18.0431
11.034 828.6627 18.0398
11.044 828.6922 18.0401
11.054 828.6949 18.0439
11.064 828.6987 18.0440
11.074 828.6976 18.0418
11.084 828.6861 18.0389
11.094 828.6819 18.0403
11.104 828.6786 18.0422
11.114 828.6907 18.0419
11.124 828.7122 18.0393
11.134 828.7064 18.0382
11.144 828.7126 18.0403
11.154 828.7004 18.0414
11.164 828.7249 18.0410
11.174 828.7103 18.0401
11.184 828.7168 18.0389
11.194 828.6902 18.0374
11.204 828.7229 18.0383
11.214 828.7065 18.0391
11.224 828.7007 18.0415
11.234 828.7219 18.0405
11.244 828.7165 18.0370
11.254 828.7343 18.0386
11.264 828.6889 18.0402
11.274 828.7338 18.0418
11.284 828.7331 18.0423
11.294 828.7299 18.0399
11.304 828.7285 18.0393
11.314 828.7246 18.0426
11.324 828.7195 18.0427
11.334 828.7150 18.0406
11.344 828.7275 18.0397
11.354 828.7275 18.0397
11.364 828.7409 18.0426
11.374 828.7539 18.0436
11.384 828.7707 18.0439
11.394 828.7613 18.0411
11.404 828.7394 18.0385
11.414 828.7414 18.0394
11.424 828.7592 18.0410
11.434 828.7584 18.0423
11.444 828.7559 18.0411
11.454 828.7553 18.0391
11.464 828.7485 18.0385
11.474 828.7554 18.0401
11.484 828.7328 18.0405
11.494 828.7458 18.0398
11.504 828.7754 18.0393
11.514 828.7479 18.0399
11.524 828.7635 18.0439
11.534 828.7898 18.0435
11.544 828.7778 18.0412
11.554 828.8035 18.0423
11.564 828.7988 18.0418
11.574 828.8233 18.0414
11.584 828.8144 18.0423
11.594 828.7942 18.0422
11.604 828.8083 18.0428
11.614 828.8095 18.0426
11.624 828.7883 18.0419
11.634 828.8088 18.0431
11.644 828.8505 18.0440
11.654 828.8104 18.0447
11.664 828.8206 18.0427
11.674 828.8222 18.0426
11.684 828.8479 18.0436
11.694 828.8323 18.0431
11.704 828.8256 18.0416
11.714 828.8113 18.0408
11.724 828.8366 18.0408
11.734 828.8349 18.0401
11.744 828.8388 18.0419
11.754 828.8241 18.0435
11.764 828.8277 18.0435
11.774 828.8357 18.0429
11.784 828.8612 18.0431
11.794 828.8629 18.0439
11.804 828.8401 18.0451
11.814 828.8472 18.0441
11.824 828.8316 18.0402
11.834 828.8794 18.0389
11.844 828.8301 18.0386
11.854 828.8943 18.0399
11.864 828.8779 18.0441
11.874 828.8918 18.0456
11.884 828.8336 18.0445
11.894 828.8879 18.0437
11.904 828.8687 18.0432
11.914 828.9110 18.0427
11.924 828.9599 18.0436
11.934 828.9481 18.0457
11.944 828.9091 18.0452
11.954 828.9509 18.0436
11.964 828.9690 18.0453
11.974 828.9669 18.0452
11.984 828.9774 18.0433
11.994 828.9647 18.0441
12.004 829.0084 18.0452
12.014 828.9962 18.0445
12.024 829.0329 18.0448
12.034 829.0522 18.0462
12.044 828.9993 18.0443
12.054 829.0596 18.0437
12.064 829.0608 18.0452
12.074 829.0768 18.0451
12.084 829.1114 18.0452
12.094 829.1085 18.0447
12.104 829.1537 18.0447
12.114 829.1041 18.0443
12.124 829.1305 18.0448
12.134 829.1162 18.0457
12.144 829.0995 18.0447
12.154 829.1266 18.0447
12.164 829.1356 18.0447
12.174 829.1531 18.0444
12.184 829.1834 18.0451
12.194 829.1722 18.0457
12.204 829.1820 18.0427
12.214 829.1951 18.0420
12.224 829.1560 18.0432
12.234 829.2197 18.0443
12.244 829.1658 18.0461
12.254 829.1947 18.0461
12.264 829.2299 18.0465
12.274 829.2140 18.0458
12.284 829.2414 18.0460
12.294 829.2716 18.0457
12.304 829.2471 18.0444
12.314 829.2827 18.0441
12.324 829.2502 18.0441
12.334 829.3359 18.0445
12.344 829.3450 18.0462
12.354 829.3505 18.0472
12.364 829.3427 18.0469
12.374 829.3509 18.0448
12.384 829.3844 18.0427
12.394 829.3836 18.0440
12.404 829.4051 18.0465
12.414 829.3735 18.0469
12.424 829.4147 18.0468
12.434 829.3981 18.0457
12.444 829.3861 18.0452
12.454 829.4095 18.0460
12.464 829.3767 18.0458
12.474 829.4405 18.0461
12.484 829.4688 18.0458
12.494 829.4523 18.0457
12.504 829.4410 18.0464
12.514 829.4728 18.0469
12.524 829.4525 18.0441
12.534 829.4960 18.0433
12.544 829.4548 18.0435
12.554 829.4962 18.0443
12.564 829.4934 18.0464
12.574 829.4844 18.0464
12.584 829.5083 18.0474
12.594 829.5155 18.0474
12.604 829.5361 18.0469
12.614 829.6128 18.0456
12.624 829.5836 18.0454
12.634 829.6517 18.0469
12.644 829.6480 18.0460
12.654 829.7016 18.0457
12.664 829.6537 18.0444
12.674 829.7161 18.0440
12.684 829.6748 18.0458
12.694 829.7305 18.0457
12.704 829.6954 18.0453
12.714 829.6892 18.0441
12.724 829.7312 18.0452
12.734 829.7325 18.0449
12.744 829.7074 18.0433
12.754 829.7212 18.0439
12.764 829.7736 18.0439
12.774 829.7230 18.0456
12.784 829.7169 18.0444
12.794 829.7601 18.0435
12.804 829.8144 18.0452
12.814 829.7856 18.0461
12.824 829.7675 18.0478
12.834 829.7830 18.0491
12.844 829.7514 18.0487
12.854 829.7526 18.0468
12.864 829.7647 18.0465
12.874 829.7684 18.0465
12.884 829.7822 18.0445
12.894 829.7697 18.0454
12.904 829.7750 18.0479
12.914 829.8199 18.0478
12.924 829.8228 18.0466
12.934 829.7823 18.0462
12.944 829.8294 18.0472
12.954 829.8643 18.0474
12.964 829.8463 18.0483
12.974 829.8430 18.0485
12.984 829.8502 18.0485
12.994 829.8558 18.0477
13.004 829.8864 18.0468
13.014 829.8989 18.0475
13.024 829.9150 18.0466
13.034 829.9036 18.0464
13.044 829.9151 18.0475
13.054 829.9374 18.0478
13.064 829.9403 18.0483
13.074 829.9392 18.0478
13.084 829.9399 18.0473
13.094 829.9816 18.0482
13.104 829.9727 18.0474
13.114 830.0197 18.0457
13.124 830.0159 18.0465
13.134 830.0496 18.0487
13.144 830.0400 18.0502
13.154 830.0853 18.0511
13.164 830.0861 18.0498
13.174 830.1206 18.0490
13.184 830.1328 18.0479
13.194 830.1289 18.0478
13.204 830.1524 18.0495
13.214 830.1402 18.0489
13.224 830.1930 18.0482
13.234 830.1887 18.0470
13.244 830.1999 18.0464
13.254 830.2353 18.0477
13.264 830.2539 18.0497
13.274 830.3227 18.0506
13.284 830.3067 18.0490
13.294 830.3433 18.0483
13.304 834.8352 18.0533
13.314 820.4946 18.0515
13.324 830.5093 18.0457
13.334 830.6573 18.0473
13.344 830.6188 18.0487
13.354 830.6574 18.0499
13.364 830.5911 18.0485
13.374 830.5956 18.0489
13.384 830.5411 18.0504
13.394 830.5145 18.0490
13.404 830.5405 18.0485
13.414 830.4987 18.0483
13.424 830.4713 18.0482
13.434 830.4532 18.0499
13.444 830.4427 18.0500
13.454 830.4211 18.0493
13.464 830.4211 18.0493
13.474 830.4414 18.0486
13.484 830.4648 18.0494
13.494 830.4903 18.0495
13.504 830.4778 18.0487
13.514 830.4812 18.0503
13.524 830.5008 18.0502
13.534 830.5284 18.0470
13.544 830.5173 18.0469
13.554 830.5330 18.0483
13.564 830.5319 18.0495
13.574 830.5131 18.0500
13.584 830.4963 18.0498
13.594 830.5576 18.0506
13.604 830.5024 18.0510
13.614 830.5162 18.0498
13.624 830.5513 18.0485
13.634 830.5603 18.0493
13.644 830.5807 18.0512
13.654 830.5600 18.0491
13.664 830.5091 18.0473
13.674 830.5541 18.0498
13.684 830.5521 18.0497
13.694 830.5522 18.0489
13.704 830.5512 18.0510
13.714 830.5469 18.0515
13.724 830.5129 18.0499
13.734 830.5110 18.0482
13.744 830.5135 18.0494
13.754 830.4770 18.0518
13.764 830.4496 18.0499
13.774 830.4504 18.0486
13.784 830.4625 18.0500
13.794 830.4224 18.0507
13.804 830.4018 18.0512
13.814 830.3975 18.0500
13.824 830.4068 18.0502
13.834 830.4659 18.0499
13.844 830.4208 18.0474
13.854 830.4606 18.0457
13.864 830.5245 18.0486
13.874 830.5109 18.0524
13.884 830.5037 18.0524
13.894 830.5514 18.0519
13.904 830.5754 18.0504
13.914 830.5779 18.0499
13.924 830.5685 18.0506
13.934 830.5608 18.0512
13.944 830.5986 18.0520
13.954 830.6275 18.0503
13.964 830.9462 18.0481
13.974 829.5436 18.0487
13.984 830.6898 18.0507
13.994 830.6070 18.0491
14.004 830.6494 18.0495
14.014 830.6156 18.0515
14.024 830.6438 18.0503
14.034 830.6377 18.0508
14.044 830.6267 18.0516
14.054 830.6452 18.0510
14.064 830.6177 18.0499
14.074 830.6356 18.0524
14.084 830.6102 18.0532
14.094 830.6234 18.0500
14.104 830.6092 18.0485
14.114 830.6221 18.0486
14.124 830.6188 18.0504
14.134 830.6337 18.0515
14.144 830.6317 18.0506
14.154 830.6430 18.0516
14.164 830.6278 18.0521
14.174 830.6285 18.0516
14.184 830.6262 18.0514
14.194 830.6239 18.0520
14.204 830.6195 18.0516
14.214 830.5729 18.0527
14.224 830.6153 18.0531
14.234 830.6252 18.0518
14.244 830.6067 18.0524
14.254 830.6167 18.0520
14.264 830.6366 18.0503
14.274 830.6234 18.0500
14.284 830.6149 18.0503
14.294 830.6481 18.0481
14.304 830.6372 18.0481
14.314 830.6287 18.0508
14.324 830.6558 18.0525
14.334 830.5943 18.0525
14.344 830.6121 18.0524
14.354 830.6160 18.0525
14.364 830.6209 18.0523
14.374 830.6292 18.0528
14.384 830.7225 18.0516
14.394 830.6933 18.0515
14.404 830.6139 18.0524
14.414 830.6494 18.0512
14.424 830.6448 18.0499
14.434 830.6364 18.0511
14.444 830.6364 18.0511
14.454 830.6348 18.0503
14.464 830.6362 18.0510
14.474 830.6256 18.0511
14.484 830.6379 18.0535
14.494 830.6403 18.0529
14.504 830.6553 18.0515
14.514 830.6412 18.0516
14.524 830.6480 18.0506
14.534 830.6339 18.0516
14.544 830.6382 18.0511
14.554 830.6544 18.0519
14.564 830.6192 18.0532
14.574 830.6342 18.0518
14.584 830.6209 18.0506
14.594 830.6312 18.0503
14.604 830.5796 18.0524
14.614 830.5464 18.0512
14.624 830.6174 18.0498
14.634 830.6298 18.0514
14.644 830.6526 18.0519
14.654 830.6483 18.0541
14.664 830.6384 18.0554
14.674 830.6444 18.0523
14.684 830.6476 18.0512
14.694 830.6748 18.0521
14.704 830.6327 18.0519
14.714 830.6541 18.0518
14.724 830.6257 18.0520
14.734 830.6641 18.0514
14.744 830.6483 18.0507
14.754 830.6530 18.0512
14.764 830.6391 18.0532
14.774 830.6661 18.0540
14.784 830.6399 18.0536
14.794 830.6152 18.0521
14.804 830.6540 18.0525
14.814 830.6174 18.0515
14.824 830.6288 18.0518
14.834 830.6270 18.0518
14.844 830.6268 18.0491
14.854 830.6206 18.0521
14.864 830.6423 18.0539
14.874 830.6481 18.0532
14.884 830.6372 18.0540
14.894 830.6448 18.0550
14.904 830.6345 18.0536
14.914 830.6200 18.0519
14.924 830.6506 18.0527
14.934 830.6521 18.0508
14.944 830.6427 18.0515
14.954 830.6512 18.0529
14.964 830.6267 18.0516
14.974 830.6309 18.0519
14.984 830.6459 18.0521
14.994 830.6629 18.0516
15.004 830.6335 18.0523
15.014 830.6679 18.0523
15.024 830.6505 18.0518
15.034 830.6314 18.0521
15.044 830.6452 18.0527
15.054 830.6562 18.0536
15.064 830.6590 18.0549
15.074 830.6172 18.0548
15.084 830.6475 18.0554
15.094 830.6794 18.0552
15.104 830.6331 18.0529
15.114 830.6444 18.0523
15.124 830.6650 18.0535
15.134 830.6302 18.0541
15.144 830.6206 18.0521
15.154 830.6427 18.0515
15.164 830.6674 18.0512
15.174 830.6285 18.0516
15.184 830.6249 18.0516
15.194 830.6414 18.0518
15.204 830.6260 18.0539
15.214 830.6443 18.0548
15.224 830.6294 18.0554
15.234 830.6320 18.0541
15.244 830.6371 18.0523
15.254 830.6231 18.0533
15.264 830.6534 18.0540
15.274 830.6505 18.0552
15.284 830.6477 18.0556
15.294 830.6619 18.0554
15.304 830.6301 18.0549
15.314 830.6500 18.0549
15.324 830.6269 18.0560
15.334 830.6375 18.0558
15.344 830.6448 18.0550
15.354 830.6116 18.0556
15.364 830.6358 18.0567
15.374 830.6482 18.0549
15.384 830.6424 18.0531
15.394 830.6826 18.0541
15.404 830.6515 18.0565
15.414 830.6457 18.0554
15.424 830.6485 18.0525
15.434 830.6697 18.0523
15.444 830.6242 18.0521
15.454 830.6284 18.0541
15.464 830.6247 18.0566
15.474 830.6561 18.0561
15.484 830.6237 18.0536
15.494 830.6252 18.0535
15.504 830.6248 18.0541
15.514 830.6322 18.0550
15.524 830.6149 18.0554
15.534 830.6437 18.0562
15.544 830.6365 18.0579
15.554 830.6333 18.0573
15.564 830.6534 18.0557
15.574 830.6155 18.0540
15.584 830.6263 18.0523
15.594 830.6270 18.0535
15.604 830.6382 18.0570
15.614 830.6298 18.0565
15.624 830.6273 18.0553
15.634 830.6651 18.0544
15.644 830.6659 18.0531
15.654 830.6326 18.0544
15.664 830.6262 18.0548
15.674 830.6117 18.0548
15.684 830.6419 18.0562
15.694 830.6343 18.0552
15.704 830.6512 18.0529
15.714 830.6230 18.0541
15.724 830.6156 18.0549
15.734 830.6401 18.0545
15.744 830.6034 18.0560
15.754 830.6120 18.0549
15.764 830.6452 18.0544
15.774 830.6131 18.0554
15.784 830.6398 18.0544
15.794 830.6417 18.0536
15.804 830.6099 18.0548
15.814 830.6522 18.0560
15.824 830.6365 18.0545
15.834 830.6202 18.0545
15.844 830.6287 18.0560
15.854 830.6431 18.0542
15.864 830.6386 18.0546
15.874 830.6049 18.0558
15.884 830.6283 18.0549
15.894 830.6308 18.0561
15.904 830.6348 18.0554
15.914 830.6051 18.0550
15.924 830.6179 18.0560
15.934 830.6096 18.0546
15.944 830.6463 18.0549
15.954 830.6600 18.0579
15.964 830.6824 18.0591
15.974 830.6200 18.0578
15.984 830.6288 18.0569
15.994 830.6519 18.0575
16.004 830.6657 18.0581
16.014 830.6541 18.0569
16.024 830.6403 18.0588
16.034 830.6262 18.0599
16.044 830.6538 18.0592
16.054 830.6707 18.0604
16.064 830.6476 18.0581
16.074 830.6188 18.0573
16.084 830.6462 18.0574
16.094 830.6624 18.0599
16.104 830.6317 18.0633
16.114 830.6470 18.0620
16.124 830.6456 18.0613
16.134 830.6383 18.0596
16.144 830.6348 18.0588
16.154 830.6539 18.0585
16.164 830.6305 18.0577
16.174 830.6424 18.0590
16.184 830.6510 18.0579
16.194 830.6319 18.0566
16.204 830.6197 18.0577
16.214 830.6326 18.0578
16.224 830.6273 18.0570
16.234 830.6473 18.0562
16.244 830.6519 18.0575
16.254 830.6301 18.0583
16.264 830.6101 18.0574
16.274 830.6437 18.0579
16.284 830.6293 18.0579
16.294 830.6411 18.0575
16.304 830.6111 18.0570
16.314 830.6477 18.0556
16.324 830.6664 18.0558
16.334 830.6368 18.0581
16.344 830.6674 18.0588
16.354 830.6433 18.0586
16.364 830.6611 18.0585
16.374 830.6384 18.0571
16.384 830.6142 18.0560
16.394 830.6343 18.0569
16.404 830.6309 18.0570
16.414 830.6094 18.0579
16.424 830.6090 18.0603
16.434 830.6217 18.0603
16.444 830.6476 18.0598
16.454 830.6610 18.0592
16.464 830.6595 18.0594
16.474 830.6450 18.0594
16.484 830.6600 18.0579
16.494 830.6304 18.0567
16.504 830.6532 18.0573
16.514 830.6294 18.0588
16.524 830.6699 18.0600
16.534 830.5987 18.0588
16.544 830.6597 18.0578
16.554 830.6607 18.0591
16.564 830.6283 18.0583
16.574 830.6298 18.0582
16.584 830.6030 18.0600
16.594 830.6572 18.0600
16.604 830.5908 18.0594
16.614 830.6152 18.0590
16.624 830.6319 18.0600
16.634 830.6478 18.0624
16.644 830.6173 18.0608
16.654 830.6440 18.0581
16.664 830.6621 18.0581
16.674 830.6247 18.0600
16.684 830.6343 18.0603
16.694 830.6214 18.0602
16.704 830.6012 18.0617
16.714 830.6379 18.0620
16.724 830.6439 18.0606
16.734 830.6542 18.0586
16.744 830.6126 18.0603
16.754 830.6386 18.0615
16.764 830.6731 18.0624
16.774 830.6459 18.0632
16.784 830.6550 18.0624
16.794 830.6425 18.0616
16.804 830.6332 18.0598
16.814 830.6688 18.0595
16.824 830.6083 18.0608
16.834 830.6471 18.0612
16.844 830.6103 18.0600
16.854 830.6141 18.0602
16.864 830.6073 18.0595
16.874 830.6141 18.0585
16.884 830.6610 18.0592
16.894 830.6029 18.0608
16.904 830.6542 18.0620
16.914 830.6582 18.0631
16.924 830.6265 18.0634
16.934 830.6449 18.0602
16.944 830.6282 18.0608
16.954 830.6249 18.0610
16.964 830.6325 18.0586
16.974 830.6226 18.0599
16.984 830.6312 18.0606
16.994 830.6335 18.0599
17.004 830.6440 18.0615
17.014 830.6546 18.0631
17.024 830.6100 18.0633
17.034 830.6482 18.0634
17.044 830.6210 18.0608
17.054 830.6304 18.0602
17.064 830.6236 18.0595
17.074 830.6134 18.0590
17.084 830.6218 18.0595
17.094 830.6426 18.0591
17.104 830.5948 18.0587
17.114 830.6451 18.0586
17.124 830.6276 18.0606
17.134 830.5996 18.0610
17.144 830.6424 18.0607
17.154 830.6410 18.0617
17.164 830.6453 18.0629
17.174 830.6222 18.0640
17.184 830.6285 18.0627
17.194 830.6221 18.0631
17.204 830.6290 18.0612
17.214 830.6140 18.0592
17.224 830.6541 18.0628
17.234 830.6384 18.0631
17.244 830.6110 18.0612
17.254 830.6200 18.0612
17.264 830.6420 18.0631
17.274 830.6164 18.0629
17.284 830.6090 18.0620
17.294 830.6365 18.0613
17.304 830.6360 18.0628
17.314 830.6517 18.0642
17.324 830.6390 18.0608
17.334 830.6531 18.0598
17.344 830.6268 18.0619
17.354 830.6226 18.0616
17.364 830.6187 18.0598
17.374 830.5865 18.0599
17.384 830.6189 18.0607
17.394 830.6218 18.0612
17.404 830.6466 18.0627
17.414 830.6395 18.0636
17.424 830.6534 18.0616
17.434 830.6250 18.0602
17.444 830.6224 18.0615
17.454 830.6367 18.0657
17.464 830.6596 18.0654
17.474 830.6418 18.0621
17.484 830.6496 18.0641
17.494 830.6688 18.0629
17.504 830.6135 18.0607
17.514 830.6051 18.0619
17.524 830.6463 18.0625
17.534 830.6399 18.0629
17.544 830.6356 18.0617
17.554 830.6439 18.0623
17.564 830.6413 18.0653
17.574 830.6375 18.0644
17.584 830.6293 18.0648
17.594 830.6501 18.0652
17.604 830.6252 18.0645
17.614 830.6617 18.0656
17.624 830.6382 18.0638
17.634 830.6297 18.0641
17.644 830.6423 18.0649
17.654 830.6273 18.0646
17.664 830.6332 18.0649
17.674 830.6235 18.0637
17.684 830.6137 18.0625
17.694 830.6563 18.0638
17.704 830.6136 18.0616
17.714 830.6401 18.0613
17.724 830.6621 18.0649
17.734 830.6271 18.0637
17.744 830.5944 18.0628
17.754 830.6014 18.0644
17.764 830.6410 18.0652
17.774 830.6523 18.0645
17.784 830.6381 18.0663
17.794 830.6343 18.0654
17.804 830.6065 18.0625
17.814 830.6752 18.0642
17.824 830.6635 18.0656
17.834 830.6510 18.0665
17.844 830.6235 18.0654
17.854 830.6389 18.0650
17.864 830.6264 18.0677
17.874 830.6413 18.0670
17.884 830.6114 18.0657
17.894 830.6653 18.0656
17.904 830.6401 18.0673
17.914 830.6441 18.0683
17.924 830.6466 18.0678
17.934 830.6337 18.0659
17.944 830.6236 18.0646
17.954 830.6431 18.0670
17.964 830.6499 18.0677
17.974 830.6513 18.0666
17.984 830.6420 18.0665
17.994 830.6307 18.0671
18.004 830.6231 18.0661
18.014 830.6282 18.0659
18.024 830.6346 18.0673
18.034 830.6451 18.0662
18.044 830.6556 18.0661
18.054 830.6261 18.0658
18.064 830.6430 18.0661
18.074 830.6314 18.0666
18.084 830.6312 18.0665
18.094 830.6358 18.0678
18.104 830.6637 18.0699
18.114 830.6682 18.0703
18.124 830.6547 18.0682
18.134 830.6679 18.0667
18.144 830.6229 18.0652
18.154 830.6355 18.0659
18.164 830.6548 18.0674
18.174 830.6250 18.0670
18.184 830.6370 18.0658
18.194 830.6362 18.0654
18.204 830.6266 18.0652
18.214 830.6635 18.0656
18.224 830.6223 18.0674
18.234 830.6337 18.0659
18.244 830.6550 18.0641
18.254 830.6456 18.0648
18.264 830.6366 18.0665
18.274 830.6405 18.0666
18.284 830.6237 18.0663
18.294 830.6473 18.0673
18.304 830.6241 18.0674
18.314 830.6349 18.0674
18.324 830.5985 18.0673
18.334 830.6356 18.0669
18.344 830.6228 18.0659
18.354 830.6202 18.0638
18.364 830.6424 18.0641
18.374 830.6261 18.0658
18.384 830.6400 18.0656
18.394 830.6416 18.0654
18.404 830.6388 18.0658
18.414 830.6570 18.0667
18.424 830.6562 18.0680
18.434 830.6310 18.0673
18.444 830.6340 18.0678
18.454 830.6588 18.0684
18.464 830.6295 18.0674
18.474 830.6707 18.0680
18.484 830.6270 18.0679
18.494 830.6391 18.0677
18.504 830.6299 18.0684
18.514 830.6337 18.0677
18.524 830.6462 18.0684
18.534 830.6810 18.0695
18.544 830.6773 18.0695
18.554 830.6530 18.0725
18.564 830.6622 18.0717
18.574 830.6440 18.0674
18.584 830.6494 18.0674
18.594 830.6540 18.0687
18.604 830.6591 18.0686
18.614 830.6071 18.0662
18.624 830.6353 18.0650
18.634 830.6555 18.0669
18.644 830.6125 18.0662
18.654 830.6348 18.0682
18.664 830.6436 18.0698
18.674 830.6153 18.0675
18.684 830.6312 18.0682
18.694 830.6273 18.0680
18.704 830.6251 18.0687
18.714 830.6412 18.0695
18.724 830.6526 18.0680
18.734 830.6324 18.0679
18.744 830.6271 18.0671
18.754 830.6330 18.0665
18.764 830.6030 18.0677
18.774 830.6223 18.0674
18.784 830.6013 18.0652
18.794 830.6348 18.0665
18.804 830.6062 18.0683
18.814 830.6369 18.0683
18.824 830.6316 18.0692
18.834 830.6466 18.0695
18.844 830.6495 18.0683
18.854 830.6390 18.0684
18.864 830.6466 18.0712
18.874 830.6248 18.0703
18.884 830.6381 18.0698
18.894 830.6632 18.0696
18.904 830.6505 18.0696
18.914 830.6643 18.0719
18.924 830.6294 18.0699
18.934 830.6288 18.0679
18.944 830.6480 18.0684
18.954 830.6398 18.0671
18.964 830.6162 18.0679
18.974 830.6096 18.0691
18.984 830.6381 18.0680
18.994 830.6249 18.0661
19.004 830.6310 18.0656
19.014 830.6569 18.0692
19.024 830.6551 18.0709
19.034 830.6434 18.0705
19.044 830.6372 18.0702
19.054 830.6174 18.0677
19.064 830.6288 18.0662
19.074 830.6544 18.0680
19.084 830.6437 18.0690
19.094 830.6355 18.0711
19.104 830.6237 18.0698
19.114 830.6173 18.0667
19.124 830.6052 18.0670
19.134 830.6345 18.0680
19.144 830.6834 18.0690
19.154 830.6263 18.0702
19.164 830.6285 18.0695
19.174 830.6131 18.0682
19.184 830.6472 18.0698
19.194 830.6057 18.0690
19.204 830.6412 18.0695
19.214 830.6359 18.0687
19.224 830.6283 18.0694
19.234 830.6429 18.0720
19.244 830.6543 18.0723
19.254 830.6065 18.0719
19.264 830.6272 18.0705
19.274 830.6391 18.0711
19.284 830.6347 18.0724
19.294 830.6792 18.0712
19.304 830.6388 18.0709
19.314 830.6390 18.0719
19.324 830.6358 18.0712
19.334 830.6104 18.0720
19.344 830.6455 18.0707
19.354 830.6329 18.0690
19.364 830.6184 18.0707
19.374 830.6774 18.0712
19.384 830.6195 18.0695
19.394 830.6588 18.0684
19.404 830.6467 18.0687
19.414 830.6013 18.0686
19.424 830.6173 18.0684
19.434 830.6468 18.0704
19.444 830.6240 18.0716
19.454 830.6450 18.0721
19.464 830.6206 18.0717
19.474 830.6391 18.0711
19.484 830.6419 18.0724
19.494 830.6604 18.0734
19.504 830.6339 18.0720
19.514 830.6665 18.0695
19.524 830.6437 18.0707
19.534 830.6561 18.0723
19.544 830.6396 18.0721
19.554 830.6362 18.0705
19.564 830.6569 18.0709
19.574 830.6198 18.0713
19.584 830.6304 18.0695
19.594 830.6534 18.0702
19.604 830.5973 18.0726
19.614 830.6293 18.0724
19.624 830.6234 18.0713
19.634 830.6599 18.0732
19.644 830.6221 18.0741
19.654 830.6713 18.0734
19.664 830.6693 18.0725
19.674 830.6034 18.0721
19.684 830.6162 18.0713
19.694 830.6277 18.0725
19.704 830.6461 18.0744
19.714 830.6179 18.0721
19.724 830.6347 18.0707
19.734 830.6266 18.0720
19.744 830.6134 18.0717
19.754 830.6294 18.0716
19.764 830.6322 18.0712
19.774 830.6169 18.0708
19.784 830.5992 18.0702
19.794 830.6281 18.0702
19.804 830.6138 18.0728
19.814 830.6550 18.0734
19.824 830.6575 18.0729
19.834 830.6236 18.0723
19.844 830.6405 18.0734
19.854 830.6202 18.0724
19.864 830.6597 18.0723
19.874 830.6333 18.0751
19.884 830.6432 18.0755
19.894 830.6588 18.0761
19.904 830.6571 18.0753
19.914 830.6665 18.0746
19.924 830.6353 18.0761
19.934 830.6665 18.0746
19.944 830.6319 18.0745
19.954 830.6457 18.0750
19.964 830.6201 18.0732
19.974 830.6455 18.0724
19.984 830.6651 18.0723
19.994 830.6493 18.0750
20.004 830.6419 18.0758
20.014 830.6283 18.0728
20.024 830.6372 18.0702
20.034 830.6194 18.0686
20.044 830.6286 18.0729
20.054 830.6356 18.0762
20.064 830.6784 18.0759
20.074 830.6286 18.0746
20.084 830.6499 18.0736
20.094 830.6244 18.0761
20.104 830.6472 18.0749
20.114 830.6226 18.0726
20.124 830.6389 18.0726
20.134 830.6143 18.0738
20.144 830.6593 18.0746
20.154 830.6052 18.0738
20.164 830.6250 18.0746
20.174 830.6567 18.0725
20.184 830.6682 18.0720
20.194 830.6065 18.0753
20.204 830.6293 18.0758
20.214 830.6450 18.0738
20.224 830.6670 18.0757
20.234 830.6402 18.0775
20.244 830.6303 18.0754
20.254 830.6465 18.0737
20.264 830.6353 18.0744
20.274 830.6161 18.0755
20.284 830.6339 18.0737
20.294 830.6506 18.0748
20.304 830.6226 18.0761
20.314 830.6130 18.0758
20.324 830.6169 18.0759
20.334 830.6654 18.0758
20.344 830.6436 18.0749
20.354 830.6145 18.0740
20.364 830.6654 18.0741
20.374 830.6362 18.0757
20.384 830.6144 18.0765
20.394 830.6419 18.0758
20.404 830.6404 18.0742
20.414 830.6179 18.0738
20.424 830.6151 18.0759
20.434 830.6307 18.0782
20.444 830.6249 18.0771
20.454 830.6349 18.0750
20.464 830.6328 18.0749
20.474 830.6572 18.0762
20.484 830.6371 18.0778
20.494 830.6484 18.0771
20.504 830.6237 18.0749
20.514 830.5915 18.0733
20.524 830.6601 18.0733
20.534 830.6050 18.0754
20.544 830.6283 18.0779
20.554 830.6357 18.0771
20.564 830.6216 18.0730
20.574 830.6440 18.0708
20.584 830.6134 18.0717
20.594 830.6134 18.0734
20.604 830.6319 18.0762
20.614 830.6354 18.0770
20.624 830.6230 18.0754
20.634 830.6337 18.0745
20.644 830.6246 18.0736
20.654 830.6195 18.0712
20.664 830.6521 18.0712
20.674 830.6507 18.0757
20.684 830.6399 18.0774
20.694 830.6239 18.0775
20.704 830.6427 18.0770
20.714 830.6678 18.0761
20.724 830.6489 18.0757
20.734 830.6394 18.0746
20.744 830.6285 18.0754
20.754 830.6350 18.0759
20.764 830.5972 18.0751
20.774 830.6369 18.0751
20.784 830.6282 18.0770
20.794 830.6591 18.0779
20.804 830.6254 18.0791
20.814 830.6249 18.0805
20.824 830.6126 18.0782
20.834 830.6414 18.0755
20.844 830.6214 18.0763
20.854 830.6325 18.0765
20.864 830.6075 18.0783
20.874 830.6727 18.0792
20.884 830.6400 18.0783
20.894 830.6435 18.0774
20.904 830.6168 18.0750
20.914 830.5930 18.0749
20.924 830.6279 18.0751
20.934 830.6689 18.0766
20.944 830.5840 18.0766
20.954 830.6439 18.0750
20.964 830.6173 18.0753
20.974 830.6457 18.0750
20.984 830.6051 18.0729
20.994 830.6650 18.0730
21.004 830.6157 18.0762
21.014 830.6353 18.0761
21.024 830.6476 18.0759
21.034 830.6471 18.0774
21.044 830.6571 18.0770
21.054 830.6080 18.0734
21.064 830.6072 18.0730
21.074 830.6325 18.0765
21.084 830.6684 18.0780
21.094 830.6225 18.0786
21.104 830.6531 18.0776
21.114 830.6157 18.0762
21.124 830.6189 18.0769
21.134 830.6144 18.0765
21.144 830.6278 18.0742
21.154 830.6414 18.0755
21.164 830.6224 18.0776
21.174 830.6235 18.0765
21.184 830.6419 18.0758
21.194 830.6299 18.0761
21.204 830.6165 18.0766
21.214 830.6046 18.0761
21.224 830.6517 18.0736
21.234 830.6165 18.0732
21.244 830.6315 18.0751
21.254 830.6178 18.0746
21.264 830.6216 18.0748
21.274 830.6385 18.0801
21.284 830.6331 18.0801
21.294 830.6264 18.0770
21.304 830.6285 18.0771
21.314 830.6146 18.0774
21.324 830.6112 18.0775
21.334 830.6024 18.0784
21.344 830.6461 18.0778
21.354 830.6527 18.0766
21.364 830.6090 18.0765
21.374 830.6174 18.0770
21.384 830.6709 18.0775
21.394 830.6115 18.0759
21.404 830.6577 18.0772
21.414 830.6046 18.0778
21.424 830.6340 18.0763
21.434 830.6178 18.0780
21.444 830.6060 18.0784
21.454 830.6249 18.0771
21.464 830.6122 18.0788
21.474 830.6420 18.0792
21.484 830.6224 18.0776
21.494 830.6368 18.0776
21.504 830.6183 18.0766
21.514 830.6299 18.0778
21.524 830.5992 18.0778
21.534 830.6365 18.0775
21.544 830.6200 18.0791
21.554 830.6410 18.0796
21.564 830.6300 18.0787
21.574 830.6561 18.0774
21.584 830.6225 18.0786
21.594 830.6157 18.0779
21.604 830.6168 18.0767
21.614 830.6429 18.0771
21.624 830.6258 18.0784
21.634 830.6460 18.0769
21.644 830.5971 18.0759
21.654 830.6286 18.0780
21.664 830.6007 18.0794
21.674 830.6328 18.0800
21.684 830.5926 18.0790
21.694 830.6164 18.0791
21.704 830.6222 18.0801
21.714 830.6540 18.0815
21.724 830.6407 18.0812
21.734 830.6546 18.0809
21.744 830.6356 18.0813
21.754 830.6524 18.0816
21.764 830.6471 18.0808
21.774 830.6310 18.0800
21.784 830.6368 18.0794
21.794 830.6164 18.0774
21.804 830.6325 18.0782
21.814 830.6620 18.0818
21.824 830.6609 18.0830
21.834 830.6314 18.0811
21.844 830.6282 18.0787
21.854 830.6128 18.0774
21.864 830.6023 18.0767
21.874 830.6374 18.0779
21.884 830.5978 18.0788
21.894 830.6261 18.0786
21.904 830.6605 18.0803
21.914 830.5938 18.0812
21.924 830.5787 18.0809
21.934 830.6278 18.0811
21.944 830.6050 18.0805
21.954 830.6075 18.0817
21.964 830.6479 18.0837
21.974 830.6217 18.0816
21.984 830.6483 18.0813
21.994 830.6206 18.0811
22.004 830.6361 18.0799
22.014 830.6165 18.0800
22.024 830.6252 18.0790
22.034 830.6395 18.0797
22.044 830.6334 18.0803
22.054 830.6528 18.0792
22.064 830.6391 18.0787
22.074 830.6040 18.0792
22.084 830.6128 18.0791
22.094 830.6576 18.0797
22.104 830.6527 18.0817
22.114 830.6412 18.0822
22.124 830.6351 18.0828
22.134 830.6388 18.0820
22.144 830.5910 18.0816
22.154 830.6485 18.0815
22.164 830.6331 18.0801
22.174 830.5906 18.0805
22.184 830.6478 18.0820
22.194 830.6057 18.0800
22.204 830.6124 18.0780
22.214 830.5883 18.0795
22.224 830.6204 18.0801
22.234 830.6274 18.0800
22.244 830.6185 18.0792
22.254 830.6156 18.0804
22.264 830.6455 18.0817
22.274 830.6282 18.0804
22.284 830.6435 18.0808
22.294 830.6635 18.0817
22.304 830.5831 18.0804
22.314 830.6387 18.0811
22.324 830.6049 18.0813
22.334 830.6355 18.0804
22.344 830.6284 18.0813
22.354 830.6405 18.0828
22.364 830.6295 18.0836
22.374 830.6228 18.0821
22.384 830.6395 18.0815
22.394 830.6463 18.0804
22.404 830.6321 18.0805
22.414 830.6131 18.0826
22.424 830.6598 18.0842
22.434 830.6576 18.0832
22.444 830.5956 18.0812
22.454 830.6512 18.0818
22.464 830.6113 18.0826
22.474 830.6353 18.0812
22.484 830.6400 18.0800
22.494 830.6273 18.0808
22.504 830.6430 18.0822
22.514 830.6299 18.0829
22.524 830.6177 18.0805
22.534 830.6253 18.0816
22.544 830.6135 18.0854
22.554 830.6358 18.0874
22.564 830.6219 18.0842
22.574 830.6433 18.0824
22.584 830.6436 18.0859
22.594 830.6365 18.0851
22.604 830.6095 18.0826
22.614 830.6649 18.0807
22.624 830.6224 18.0794
22.634 830.6351 18.0828
22.644 830.6037 18.0850
22.654 830.6356 18.0830
22.664 830.6477 18.0828
22.674 830.6415 18.0824
22.684 830.6388 18.0820
22.694 830.6559 18.0824
22.704 830.6360 18.0824
22.714 830.6191 18.0829
22.724 830.6538 18.0822
22.734 830.6367 18.0836
22.744 830.6208 18.0837
22.754 830.6182 18.0808
22.764 830.6517 18.0821
22.774 830.6210 18.0821
22.784 830.6259 18.0801
22.794 830.6314 18.0811
22.804 830.6498 18.0829
22.814 830.6100 18.0812
22.824 830.6107 18.0807
22.834 830.6192 18.0821
22.844 830.6237 18.0825
22.854 830.6171 18.0820
22.864 830.6053 18.0824
22.874 830.6237 18.0825
22.884 830.6049 18.0813
22.894 830.6463 18.0821
22.904 830.6175 18.0830
22.914 830.6244 18.0820
22.924 830.5942 18.0822
22.934 830.6493 18.0843
22.944 830.6185 18.0843
22.954 830.6084 18.0838
22.964 830.6057 18.0834
22.974 830.6319 18.0838
22.984 830.6124 18.0849
22.994 830.6423 18.0845
23.004 830.6146 18.0825
23.014 830.6117 18.0837
23.024 830.6095 18.0843
23.034 830.6401 18.0834
23.044 830.6219 18.0859
23.054 830.6325 18.0875
23.064 830.6141 18.0857
23.074 830.6360 18.0841
23.084 830.6317 18.0846
23.094 830.6527 18.0834
23.104 830.6036 18.0833
23.114 830.6063 18.0837
23.124 830.6208 18.0837
23.134 830.6333 18.0845
23.144 830.6139 18.0847
23.154 830.6103 18.0847
23.164 830.6277 18.0836
23.174 830.6046 18.0846
23.184 830.6148 18.0851
23.194 830.6341 18.0849
23.204 830.6241 18.0836
23.214 830.6139 18.0830
23.224 830.6524 18.0833
23.234 830.6245 18.0829
23.244 830.6280 18.0837
23.254 830.6294 18.0843
23.264 830.6286 18.0857
23.274 830.6523 18.0875
23.284 830.6215 18.0883
23.294 830.6286 18.0874
23.304 830.6288 18.0875
23.314 830.6219 18.0876
23.324 830.6554 18.0855
23.334 830.6358 18.0857
23.344 830.6330 18.0878
23.354 830.6210 18.0855
23.364 830.6315 18.0845
23.374 830.6161 18.0866
23.384 830.6297 18.0862
23.394 830.6173 18.0863
23.404 830.6165 18.0859
23.414 830.6205 18.0836
23.424 830.6362 18.0850
23.434 830.6049 18.0847
23.444 830.6294 18.0843
23.454 830.6176 18.0864
23.464 830.6494 18.0870
23.474 830.6225 18.0879
23.484 830.6083 18.0863
23.494 830.6335 18.0846
23.504 830.6123 18.0857
23.514 830.6027 18.0854
23.524 830.6056 18.0842
23.534 830.6309 18.0859
23.544 830.6238 18.0868
23.554 830.6279 18.0862
23.564 830.6280 18.0854
23.574 830.6376 18.0840
23.584 830.6308 18.0833
23.594 830.6185 18.0843
23.604 830.6247 18.0872
23.614 830.6357 18.0882
23.624 830.6432 18.0866
23.634 830.6049 18.0864
23.644 830.6411 18.0847
23.654 830.6181 18.0850
23.664 830.6134 18.0879
23.674 830.6500 18.0872
23.684 830.6592 18.0882
23.694 830.6450 18.0866
23.704 830.6095 18.0843
23.714 830.6187 18.0853
23.724 830.6169 18.0853
23.734 830.6644 18.0855
23.744 830.6541 18.0858
23.754 830.6352 18.0871
23.764 830.6254 18.0884
23.774 830.6590 18.0872
23.784 830.6258 18.0861
23.794 830.6400 18.0859
23.804 830.6115 18.0870
23.814 830.6104 18.0882
23.824 830.6035 18.0875
23.834 830.6122 18.0864
23.844 830.6108 18.0858
23.854 830.6571 18.0863
23.864 830.6370 18.0871
23.874 830.6137 18.0880
23.884 830.6304 18.0891
23.894 830.6425 18.0905
23.904 830.6140 18.0899
23.914 830.6458 18.0887
23.924 830.6102 18.0872
23.934 830.6220 18.0851
23.944 830.6359 18.0866
23.954 830.6323 18.0883
23.964 830.6231 18.0857
23.974 830.6041 18.0861
23.984 830.6332 18.0870
23.994 830.6354 18.0863
24.004 830.6255 18.0893
24.014 830.6346 18.0893
24.024 830.6138 18.0872
24.034 830.6198 18.0875
24.044 830.6420 18.0861
24.054 830.5878 18.0861
24.064 830.5992 18.0880
24.074 830.6501 18.0882
24.084 830.6372 18.0897
24.094 830.6401 18.0885
24.104 830.6158 18.0864
24.114 830.6293 18.0868
24.124 830.6052 18.0883
24.134 830.6368 18.0904
24.144 830.6102 18.0907
24.154 830.6399 18.0901
24.164 830.6215 18.0883
24.174 830.6234 18.0892
24.184 830.6198 18.0909
24.194 830.6175 18.0889
24.204 830.5983 18.0901
24.214 830.6502 18.0916
24.224 830.6079 18.0887
24.234 830.6204 18.0878
24.244 830.6447 18.0899
24.254 830.6656 18.0895
24.264 830.6219 18.0893
24.274 830.6165 18.0910
24.284 830.6068 18.0916
24.294 830.6307 18.0926
24.304 830.6621 18.0938
24.314 830.6496 18.0930
24.324 830.6303 18.0899
24.334 830.6095 18.0878
24.344 830.6429 18.0899
24.354 830.6357 18.0916
24.364 830.6216 18.0909
24.374 830.6262 18.0905
24.384 830.6047 18.0897
24.394 830.6433 18.0909
24.404 830.6054 18.0926
24.414 830.6404 18.0921
24.424 830.6147 18.0910
24.434 830.6508 18.0893
24.444 830.6333 18.0896
24.454 830.6328 18.0910
24.464 830.6055 18.0918
24.474 830.6155 18.0897
24.484 830.6225 18.0879
24.494 830.6243 18.0896
24.504 830.6219 18.0910
24.514 830.6208 18.0922
24.524 830.6548 18.0929
24.534 830.6438 18.0920
24.544 830.6404 18.0904
24.554 830.6289 18.0909
24.564 830.6250 18.0925
24.574 830.6461 18.0905
24.584 830.6556 18.0899
24.594 830.6397 18.0926
24.604 830.6467 18.0925
24.614 830.6244 18.0905
24.624 830.6353 18.0922
24.634 830.6652 18.0935
24.644 830.6528 18.0903
24.654 830.6205 18.0887
24.664 830.5963 18.0909
24.674 830.6477 18.0921
24.684 830.6471 18.0935
24.694 830.6430 18.0950
24.704 830.6504 18.0934
24.714 830.6625 18.0914
24.724 830.6568 18.0930
24.734 830.6302 18.0958
24.744 830.6050 18.0950
24.754 830.6557 18.0942
24.764 830.6417 18.0935
24.774 830.6328 18.0928
24.784 830.6474 18.0937
24.794 830.6320 18.0941
24.804 830.6543 18.0935
24.814 830.6264 18.0949
24.824 830.6520 18.0950
24.834 830.6435 18.0935
24.844 830.6336 18.0949
24.854 830.6609 18.0958
24.864 830.6538 18.0950
24.874 830.6541 18.0951
24.884 830.6453 18.0935
24.894 830.6229 18.0907
24.904 830.6315 18.0896
24.914 830.6135 18.0913
24.924 830.6603 18.0938
24.934 830.6228 18.0949
24.944 830.6179 18.0951
24.954 830.6434 18.0926
24.964 830.6353 18.0905
24.974 830.6339 18.0933
24.984 830.6328 18.0945
24.994 830.6456 18.0937
25.004 830.6434 18.0926
25.014 830.6356 18.0924
25.024 830.6201 18.0928
25.034 830.6196 18.0925
25.044 830.6566 18.0929
25.054 830.6103 18.0924
25.064 830.6215 18.0934
25.074 830.6424 18.0930
25.084 830.6032 18.0933
25.094 830.6261 18.0947
25.104 830.6609 18.0958
25.114 830.6608 18.0966
25.124 830.6055 18.0935
25.134 830.6399 18.0935
25.144 830.6733 18.0974
25.154 830.6338 18.0975
25.164 830.6509 18.0962
25.174 830.6396 18.0968
25.184 830.6113 18.0971
25.194 830.6421 18.0946
25.204 830.6044 18.0930
25.214 830.6461 18.0939
25.224 830.6378 18.0951
25.234 830.6516 18.0956
25.244 830.6462 18.0956
25.254 830.6160 18.0959
25.264 830.6531 18.0955
25.274 830.6509 18.0962
25.284 830.6363 18.0953
25.294 830.6304 18.0925
25.304 830.6500 18.0924
25.314 830.6379 18.0943
25.324 830.6495 18.0955
25.334 830.6096 18.0963
25.344 830.6260 18.0955
25.354 830.6329 18.0937
25.364 830.6256 18.0945
25.374 830.6356 18.0975
25.384 830.6227 18.0974
25.394 830.6332 18.0938
25.404 830.6523 18.0951
25.414 830.6706 18.0970
25.424 830.6480 18.0956
25.434 830.6214 18.0942
25.444 830.6435 18.0953
25.454 830.6448 18.0967
25.464 830.6182 18.0953
25.474 830.6094 18.0937
25.484 830.6327 18.0935
25.494 830.6121 18.0941
25.504 830.6125 18.0934
25.514 830.6147 18.0945
25.524 830.6375 18.0967
25.534 830.6206 18.0955
25.544 830.6559 18.0934
25.554 830.6446 18.0941
25.564 830.6066 18.0924
25.574 830.6389 18.0922
25.584 830.6267 18.0950
25.594 830.6253 18.0960
25.604 830.6499 18.0966
25.614 830.6566 18.0963
25.624 830.6402 18.0954
25.634 830.6573 18.0958
25.644 830.6478 18.0981
25.654 830.6206 18.0989
25.664 830.6373 18.0966
25.674 830.6471 18.0953
25.684 830.6578 18.0960
25.694 830.6024 18.0963
25.704 830.6100 18.0974
25.714 830.6477 18.0955
25.724 830.6160 18.0942
25.734 830.6227 18.0956
25.744 830.6584 18.0963
25.754 830.6360 18.0951
25.764 830.6407 18.0956
25.774 830.6057 18.0979
25.784 830.6457 18.0963
25.794 830.6656 18.0963
25.804 830.6782 18.0988
25.814 830.6428 18.0958
25.824 830.6310 18.0945
25.834 830.6049 18.0958
25.844 830.6382 18.0962
25.854 830.6673 18.0954
25.864 830.6631 18.0951
25.874 830.6380 18.0960
25.884 830.6350 18.0955
25.894 830.6135 18.0964
25.904 830.6331 18.0980
25.914 830.6349 18.0963
25.924 830.6788 18.0949
25.934 830.6419 18.0979
25.944 830.6265 18.1000
25.954 830.6217 18.0977
25.964 830.6471 18.0970
25.974 830.6420 18.0988
25.984 830.6295 18.0980
25.994 830.6355 18.0983
26.004 830.6414 18.0968
26.014 830.6467 18.0959
26.024 830.6442 18.0981
26.034 830.6558 18.1010
26.044 830.6287 18.1010
26.054 830.6380 18.0995
26.064 830.6651 18.0995
26.074 830.6074 18.0970
26.084 830.6444 18.0956
26.094 830.5911 18.0970
26.104 830.6515 18.0981
26.114 830.6162 18.0985
26.124 830.6647 18.0984
26.134 830.6592 18.0984
26.144 830.6369 18.0972
26.154 830.6466 18.0984
26.164 830.6828 18.1001
26.174 830.6480 18.0974
26.184 830.6513 18.0972
26.194 830.6456 18.0988
26.204 830.6554 18.0983
26.214 830.6385 18.0980
26.224 830.6387 18.0972
26.234 830.6431 18.0959
26.244 830.6168 18.0980
26.254 830.6367 18.0997
26.264 830.6155 18.0991
26.274 830.6662 18.1000
26.284 830.6486 18.0993
26.294 830.6412 18.0967
26.304 830.6135 18.0947
26.314 830.6328 18.0962
26.324 830.6530 18.0997
26.334 830.6462 18.0991
26.344 830.6224 18.0972
26.354 830.6373 18.0983
26.364 830.6477 18.0989
26.374 830.6552 18.0991
26.384 830.6210 18.0983
26.394 830.6228 18.0983
26.404 830.6321 18.0984
26.414 830.6498 18.0991
26.424 830.6579 18.0995
26.434 830.6262 18.0981
26.444 830.6430 18.0984
26.454 830.6205 18.0997
26.464 830.6455 18.1013
26.474 830.6395 18.1010
26.484 830.6208 18.1016
26.494 830.6769 18.1025
26.504 830.6786 18.1016
26.514 830.6662 18.1000
26.524 830.6422 18.0997
26.534 830.6306 18.1020
26.544 830.6345 18.1004
26.554 830.6381 18.0987
26.564 830.6215 18.1010
26.574 830.6424 18.0999
26.584 830.6438 18.0988
26.594 830.6587 18.0999
26.604 830.6684 18.1010
26.614 830.6299 18.1008
26.624 830.6509 18.0996
26.634 830.6348 18.1005
26.644 830.6593 18.1018
26.654 830.6429 18.1009
26.664 830.6334 18.0999
26.674 830.6532 18.1006
26.684 830.6367 18.0997
26.694 830.6587 18.0999
26.704 830.6287 18.0993
26.714 830.6174 18.0983
26.724 830.6376 18.1001
26.734 830.6041 18.1005
26.744 830.6255 18.1004
26.754 830.6433 18.1020
26.764 830.6178 18.1010
26.774 830.5912 18.1021
26.784 830.6583 18.1039
26.794 830.6564 18.1030
26.804 830.6894 18.1016
26.814 830.6554 18.1017
26.824 830.6362 18.1012
26.834 830.6388 18.0999
26.844 830.6438 18.1005
26.854 830.6366 18.1005
26.864 830.6290 18.1012
26.874 830.6525 18.1012
26.884 830.6348 18.1005
26.894 830.6541 18.1002
26.904 830.5877 18.1013
26.914 830.6379 18.1020
26.924 830.6487 18.1020
26.934 830.6643 18.1025
26.944 830.6382 18.1021
26.954 830.6322 18.1018
26.964 830.6533 18.1016
26.974 830.6718 18.1009
26.984 830.6476 18.1014
26.994 830.6243 18.1023
27.004 830.5921 18.1017
27.014 830.5889 18.1010
27.024 830.6277 18.1014
27.034 830.6247 18.1017
27.044 830.6370 18.1016
27.054 830.6826 18.1009
27.064 830.6267 18.1001
27.074 830.6621 18.1014
27.084 830.6312 18.1022
27.094 830.6445 18.1017
27.104 830.6470 18.1012
27.114 830.6411 18.1009
27.124 830.6450 18.1027
27.134 830.6106 18.1045
27.144 830.6523 18.1020
27.154 830.6468 18.1010
27.164 830.6287 18.1027
27.174 830.6369 18.1023
27.184 830.6430 18.1001
27.194 830.6082 18.0991
27.204 830.6078 18.0997
27.214 830.5923 18.0992
27.224 830.5971 18.1023
27.234 830.6148 18.1047
27.244 830.6261 18.1041
27.254 830.6581 18.1055
27.264 830.6535 18.1059
27.274 830.6313 18.1031
27.284 830.6233 18.1010
27.294 830.6329 18.1030
27.304 830.6353 18.1050
27.314 830.6145 18.1046
27.324 830.6557 18.1035
27.334 830.6509 18.1030
27.344 830.6330 18.1039
27.354 830.6016 18.1027
27.364 830.6540 18.1027
27.374 830.6857 18.1041
27.384 830.6400 18.1038
27.394 830.6400 18.1055
27.404 830.6342 18.1062
27.414 830.6555 18.1043
27.424 830.6028 18.1008
27.434 830.6308 18.1012
27.444 830.6468 18.1027
27.454 830.6357 18.1026
27.464 830.6414 18.1027
27.474 830.6715 18.1025
27.484 830.6418 18.1038
27.494 830.6294 18.1039
27.504 830.6418 18.1055
27.514 830.6286 18.1069
27.524 830.6393 18.1043
27.534 830.6259 18.1014
27.544 830.6356 18.1009
27.554 830.6326 18.1029
27.564 830.6309 18.1038
27.574 830.6232 18.1035
27.584 830.6510 18.1047
27.594 830.6283 18.1034
27.604 830.6516 18.1025
27.614 830.6282 18.1042
27.624 830.6515 18.1050
27.634 830.6567 18.1048
27.644 830.6279 18.1041
27.654 830.6225 18.1041
27.664 830.6204 18.1056
27.674 830.6636 18.1047
27.684 830.6571 18.1042
27.694 830.6549 18.1066
27.704 830.6536 18.1051
27.714 830.6346 18.1038
27.724 830.6278 18.1048
27.734 830.6589 18.1042
27.744 830.6173 18.1042
27.754 830.6424 18.1058
27.764 830.6789 18.1051
27.774 830.6638 18.1056
27.784 830.6321 18.1060
27.794 830.6058 18.1047
27.804 830.6286 18.1035
27.814 830.6108 18.1020
27.824 830.6083 18.1025
27.834 830.6437 18.1047
27.844 830.6578 18.1054
27.854 830.6493 18.1022
27.864 830.6391 18.1017
27.874 830.6479 18.1050
27.884 830.6551 18.1050
27.894 830.6403 18.1056
27.904 830.6589 18.1076
27.914 830.6474 18.1064
27.924 830.6475 18.1056
27.934 830.6279 18.1058
27.944 830.6485 18.1052
27.954 830.6721 18.1062
27.964 830.6436 18.1055
27.974 830.6144 18.1054
27.984 830.6261 18.1058
27.994 830.6686 18.1054
28.004 830.6604 18.1058
28.014 830.6359 18.1045
28.024 830.6031 18.1043
28.034 830.6398 18.1046
28.044 830.6825 18.1051
28.054 830.6416 18.1029
28.064 830.6247 18.1034
28.074 830.6253 18.1054
28.084 830.6408 18.1042
28.094 830.6332 18.1048
28.104 830.6501 18.1060
28.114 830.6524 18.1054
28.124 830.6503 18.1052
28.134 830.6369 18.1075
28.144 830.6711 18.1066
28.154 830.6139 18.1068
28.164 830.6582 18.1081
28.174 830.6418 18.1055
28.184 830.6521 18.1052
28.194 830.6397 18.1071
28.204 830.6702 18.1052
28.214 830.6462 18.1059
28.224 830.6225 18.1075
28.234 830.6182 18.1046
28.244 830.6051 18.1052
28.254 830.6154 18.1050
28.264 830.5997 18.1035
28.274 830.6401 18.1064
28.284 830.6207 18.1092
28.294 830.6237 18.1072
28.304 830.6305 18.1062
28.314 830.6522 18.1079
28.324 830.6688 18.1063
28.334 830.6139 18.1051
28.344 830.6272 18.1063
28.354 830.6667 18.1079
28.364 830.6371 18.1067
28.374 830.6340 18.1069
28.384 830.6521 18.1069
28.394 830.6639 18.1048
28.404 830.6225 18.1058
28.414 830.6586 18.1075
28.424 830.6656 18.1091
28.434 830.6725 18.1072
28.444 830.6212 18.1060
28.454 830.6518 18.1051
28.464 830.6207 18.1041
28.474 830.6136 18.1067
28.484 830.6190 18.1084
28.494 830.6193 18.1068
28.504 830.6234 18.1054
28.514 830.6087 18.1052
28.524 830.6268 18.1052
28.534 830.6095 18.1056
28.544 830.6196 18.1069
28.554 830.6168 18.1091
28.564 830.6474 18.1081
28.574 830.6233 18.1062
28.584 830.6310 18.1055
28.594 830.6397 18.1054
28.604 830.6367 18.1056
28.614 830.6250 18.1069
28.624 830.6435 18.1080
28.634 830.6461 18.1067
28.644 830.6291 18.1055
28.654 830.6372 18.1076
28.664 830.6424 18.1075
28.674 830.6522 18.1062
28.684 830.6312 18.1056
28.694 830.5958 18.1051
28.704 830.6727 18.1081
28.714 830.6331 18.1108
28.724 830.6667 18.1096
28.734 830.6509 18.1089
28.744 830.6217 18.1088
28.754 830.6516 18.1084
28.764 830.6611 18.1087
28.774 830.6111 18.1072
28.784 830.6407 18.1050
28.794 830.6301 18.1051
28.804 830.6374 18.1068
28.814 830.6275 18.1081
28.824 830.6483 18.1060
28.834 830.6347 18.1030
28.844 830.6540 18.1062
28.854 830.6729 18.1066
28.864 830.6262 18.1050
28.874 830.6518 18.1068
28.884 830.6564 18.1081
28.894 830.6180 18.1071
28.904 830.6286 18.1069
28.914 830.6486 18.1079
28.924 830.6176 18.1077
28.934 830.6374 18.1085
28.944 830.6112 18.1064
28.954 830.6375 18.1060
28.964 830.6618 18.1081
28.974 830.6624 18.1084
28.984 830.6239 18.1081
28.994 830.6101 18.1076
29.004 830.6332 18.1066
29.014 830.6318 18.1059
29.024 830.6303 18.1077
29.034 830.6025 18.1083
29.044 830.6629 18.1069
29.054 830.6475 18.1073
29.064 830.6635 18.1089
29.074 830.6350 18.1083
29.084 830.6233 18.1062
29.094 830.6321 18.1060
29.104 830.6356 18.1085
29.114 830.6261 18.1092
29.124 830.6554 18.1085
29.134 830.6058 18.1081
29.144 830.6581 18.1072
29.154 830.6422 18.1066
29.164 830.6392 18.1085
29.174 830.6420 18.1098
29.184 830.6541 18.1079
29.194 830.6553 18.1093
29.204 830.6516 18.1101
29.214 830.6454 18.1089
29.224 830.6207 18.1092
29.234 830.6228 18.1093
29.244 830.6103 18.1085
29.254 830.6378 18.1079
29.264 830.6264 18.1076
29.274 830.6720 18.1104
29.284 830.6485 18.1104
29.294 830.6392 18.1102
29.304 830.6667 18.1130
29.314 830.6456 18.1115
29.324 830.6493 18.1108
29.334 830.6517 18.1110
29.344 830.6323 18.1121
29.354 830.6673 18.1115
29.364 830.6359 18.1104
29.374 830.6324 18.1113
29.384 830.6243 18.1109
29.394 830.6678 18.1118
29.404 830.6449 18.1121
29.414 830.5943 18.1104
29.424 830.6285 18.1094
29.434 830.6388 18.1092
29.444 830.6378 18.1096
29.454 830.6765 18.1108
29.464 830.6391 18.1110
29.474 830.6652 18.1114
29.484 830.6381 18.1114
29.494 830.6599 18.1106
29.504 830.6498 18.1101
29.514 830.6645 18.1119
29.524 830.6448 18.1112
29.534 830.6521 18.1104
29.544 830.6150 18.1125
29.554 830.6254 18.1114
29.564 830.6297 18.1109
29.574 830.6160 18.1121
29.584 830.6524 18.1122
29.594 830.6498 18.1118
29.604 830.6236 18.1114
29.614 830.6662 18.1110
29.624 830.6245 18.1118
29.634 830.6562 18.1114
29.644 830.6279 18.1109
29.654 830.6400 18.1106
29.664 830.6560 18.1122
29.674 830.6523 18.1130
29.684 830.6321 18.1112
29.694 830.6457 18.1091
29.704 830.6233 18.1079
29.714 830.6428 18.1102
29.724 830.6405 18.1134
29.734 830.6424 18.1126
29.744 830.6254 18.1097
29.754 830.6475 18.1108
29.764 830.6382 18.1106
29.774 830.6623 18.1109
29.784 830.6492 18.1133
29.794 830.6509 18.1106
29.804 830.6316 18.1109
29.814 830.6442 18.1126
29.824 830.6767 18.1109
29.834 830.6357 18.1112
29.844 830.6184 18.1123
29.854 830.6227 18.1118
29.864 830.6530 18.1108
29.874 830.6346 18.1106
29.884 830.6357 18.1094
29.894 830.6311 18.1098
29.904 830.6395 18.1104
29.914 830.6272 18.1097
29.924 830.6416 18.1105
29.934 830.6306 18.1113
29.944 830.6688 18.1131
29.954 830.6517 18.1127
29.964 830.6259 18.1125
29.974 830.6747 18.1125
29.984 830.6342 18.1113
29.994 830.6482 18.1119
